{
 "cells": [
  {
   "cell_type": "code",
   "execution_count": 213,
   "metadata": {},
   "outputs": [],
   "source": [
    "import cv2\n",
    "import numpy as np\n"
   ]
  },
  {
   "cell_type": "code",
   "execution_count": 214,
   "metadata": {},
   "outputs": [],
   "source": [
    "def pyrDown_custom(imagen, sigma):\n",
    "    filtro = crear_filtro_gaussiano(sigma)\n",
    "    imagen = cv2.filter2D(imagen, -1, filtro)\n",
    "    imagen = cv2.resize(imagen, (0,0), fx=0.5, fy=0.5)\n",
    "    return imagen\n",
    "\n",
    "def crear_filtro_gaussiano(sigma):\n",
    "    filter_size = 2 * int(4 * sigma + 0.5) + 1\n",
    "    gaussian_filter = np.zeros((filter_size, filter_size), np.float32)\n",
    "    m = filter_size//2\n",
    "    n = filter_size//2\n",
    "\n",
    "    for x in range(-m, m+1):\n",
    "        for y in range(-n, n+1):\n",
    "            x1 = 2*np.pi*(sigma**2)\n",
    "            x2 = np.exp(-(x**2 + y**2)/(2* sigma**2))\n",
    "            gaussian_filter[x+m, y+n] = (1/x1)*x2\n",
    "    print(gaussian_filter)\n",
    "    return gaussian_filter\n",
    "\n",
    "# Convolucion con Fourier\n",
    "def convolucion_dft(imagen, sigma):\n",
    "    imagen = imagen.copy()\n",
    "    if sigma:\n",
    "      filtro = crear_filtro_gaussiano(sigma)\n",
    "\n",
    "\n",
    "    # Aplicar la DFT bidimensional a la imagen y al filtro\n",
    "    dft_imagen = np.fft.fft2(imagen)\n",
    "    dft_filtro = np.fft.fft2(filtro, s=imagen.shape)\n",
    "\n",
    "    # Multiplicar punto a punto la DFT de la imagen y la DFT del filtro\n",
    "    resultado_dft = dft_imagen * dft_filtro\n",
    "\n",
    "    # Aplicar la Transformada de Fourier Inversa (IDFT) para obtener la imagen convolucionada\n",
    "    imagen_convolucionada = np.fft.ifft2(resultado_dft).real\n",
    "\n",
    "    # Escalar la imagen resultante para valores entre 0 y 255\n",
    "    imagen_convolucionada = np.uint8(imagen_convolucionada)\n",
    "    imagen_convolucionada = cv2.resize(imagen_convolucionada, (0,0), fx=0.5, fy=0.5)\n",
    "\n",
    "    return imagen_convolucionada\n",
    "\n",
    "def convolucion_dft(imagen, sigma):\n",
    "    imagen = imagen.copy()\n",
    "    if sigma:\n",
    "        filtro = crear_filtro_gaussiano(sigma)\n",
    "\n",
    "    b, g, r = cv2.split(imagen)\n",
    "\n",
    "    result_r = np.zeros_like(r)\n",
    "    result_g = np.zeros_like(g)\n",
    "    result_b = np.zeros_like(b)\n",
    "\n",
    "    dft_filtro = np.fft.fft2(filtro, s=imagen.shape[:2])\n",
    "    dft_r = np.fft.fft2(r)\n",
    "    dft_g = np.fft.fft2(g)\n",
    "    dft_b = np.fft.fft2(b)\n",
    "\n",
    "    result_r = np.fft.ifft2(dft_r * dft_filtro).real\n",
    "    result_g = np.fft.ifft2(dft_g * dft_filtro).real\n",
    "    result_b = np.fft.ifft2(dft_b * dft_filtro).real\n",
    "\n",
    "    imagen_convolucionada = cv2.merge((result_b, result_g, result_r))\n",
    "    imagen_convolucionada = np.uint8(imagen_convolucionada)\n",
    "    print(\" TAMAÑO DE IMAGEN CONV\" , imagen_convolucionada.shape)\n",
    "    # if imagen_convolucionada.shape[0] > 500:\n",
    "    #     cv2.imwrite(\"convolucion_dft.jpg\", imagen_convolucionada)\n",
    "    imagen_convolucionada = cv2.resize(imagen_convolucionada, (0, 0), fx=0.5, fy=0.5)\n",
    "\n",
    "        \n",
    "    return imagen_convolucionada\n",
    "\n",
    "# def convolucion_dft(imagen, sigma):\n",
    "#     if sigma:\n",
    "#         filtro = crear_filtro_gaussiano(sigma)\n",
    "#         filtro = np.fft.fft2(filtro, s=imagen.shape[:2])\n",
    "#         b, g, r = cv2.split(imagen)\n",
    "#         b_transformada = np.fft.fft2(b)\n",
    "#         g_transformada = np.fft.fft2(g)\n",
    "#         r_transformada = np.fft.fft2(r)\n",
    "#         b_shifted = np.fft.fftshift(b_transformada)\n",
    "#         g_shifted = np.fft.fftshift(g_transformada)\n",
    "#         r_shifted = np.fft.fftshift(r_transformada)\n",
    "#         b_filtered = b_shifted * filtro\n",
    "#         g_filtered = g_shifted * filtro\n",
    "#         r_filtered = r_shifted * filtro\n",
    "#         b_fin = np.fft.ifft2(np.fft.ifftshift(b_filtered)).real\n",
    "#         g_fin = np.fft.ifft2(np.fft.ifftshift(g_filtered)).real\n",
    "#         r_fin = np.fft.ifft2(np.fft.ifftshift(r_filtered)).real\n",
    "#         imagen_convolucionada = cv2.merge((b_fin, g_fin, r_fin))\n",
    "#         imagen_convolucionada = cv2.normalize(imagen_convolucionada, None, 0, 255, cv2.NORM_MINMAX)\n",
    "#         imagen_convolucionada = np.uint8(imagen_convolucionada)\n",
    "#         imagen_convolucionada = cv2.resize(imagen_convolucionada, (0, 0), fx=0.5, fy=0.5)\n",
    "#     return imagen_convolucionada\n",
    "\n",
    "def crear_filtro_gaussiano2(sigma, rows, cols):\n",
    "    x = np.arange(-cols // 2, cols // 2)\n",
    "    y = np.arange(-rows // 2, rows // 2)\n",
    "    xx, yy = np.meshgrid(x, y)\n",
    "    filtro = np.exp(-(xx**2 + yy**2) / (2.0 * sigma**2))\n",
    "    return filtro / np.sum(filtro)\n",
    "\n",
    "    \n",
    "\n",
    "def calcularGauss(imagen, niveles, sigma, fourier = False)->list:\n",
    "    copia = imagen.copy()\n",
    "    piramide_gaussiana = [copia]\n",
    "    for i in range(niveles):\n",
    "        # Funcion de gauss\n",
    "        # copia = cv2.pyrDown(copia) #funcion de max gaus -> reshape\n",
    "        if fourier:\n",
    "            copia = convolucion_dft(copia, sigma)\n",
    "        else:\n",
    "            copia = pyrDown_custom(copia, sigma)\n",
    "        piramide_gaussiana.append(copia)\n",
    "    return piramide_gaussiana\n",
    "\n",
    "def calcularLaplaciana(piramide_gaussiana):\n",
    "    piramide_laplaciana = []\n",
    "    for i in range(len(piramide_gaussiana)-1,0, -1):\n",
    "        g_i = cv2.pyrUp(piramide_gaussiana[i]) #gi es la imagen incrementada en tamaño y la que deberia ser modificada si no hace match en tamaño\n",
    "        print(\"i: \", i, \"GI: \", g_i.shape, \"GI-1\", piramide_gaussiana[i-1].shape)\n",
    "        g_i = ajustar_tamano(piramide_gaussiana[i-1], g_i)\n",
    "        print(\"i: \", i, \"GI: \", g_i.shape, \"GI-1\", piramide_gaussiana[i-1].shape)\n",
    "        l_i = cv2.subtract(piramide_gaussiana[i-1], g_i)\n",
    "        piramide_laplaciana.append(l_i)\n",
    "    return piramide_laplaciana\n",
    "\n",
    "def ajustar_tamano(img_norm, img_x2):\n",
    "    canales = img_norm.shape[2]\n",
    "    if img_x2.shape[0] < img_norm.shape[0]:\n",
    "        empty_column = np.zeros((1, img_x2.shape[1], canales), dtype=np.uint8)\n",
    "        img_x2 = np.vstack((img_norm, empty_column))\n",
    "    elif img_x2.shape[0] > img_norm.shape[0]:\n",
    "        # remove last row\n",
    "        img_x2 = img_x2[:-1, :, :]\n",
    "    \n",
    "    if img_x2.shape[1] < img_norm.shape[1]:\n",
    "        print(\"Entro Ajusto fila\")\n",
    "        empty_column = np.zeros((img_x2.shape[0], 1, canales), dtype=np.uint8)\n",
    "        img_x2 = np.hstack((img_x2, empty_column))\n",
    "        print(img_x2.shape)\n",
    "    elif img_x2.shape[1] > img_norm.shape[1]:\n",
    "        print(\"Entro Ajusto columna\")\n",
    "        img_x2 = img_x2[:, :-1, :]\n",
    "    return img_x2\n",
    "\n",
    "def reconstruir(laplacianas, gaussianas):\n",
    "    img_r = gaussianas[-1]\n",
    "    # img_r = cv2.pyrUp(gaussiana_i)\n",
    "    for i in range(len(gaussianas)):\n",
    "        print(i)\n",
    "        try:\n",
    "            laplaciana_i = laplacianas[-i-1]\n",
    "        except:\n",
    "            print(\"Error\", i)\n",
    "            break\n",
    "        img_r = cv2.pyrUp(img_r)\n",
    "        print(\"laplaciana_i\", laplaciana_i.shape, \"img_r\", img_r.shape)\n",
    "        img_r = ajustar_tamano(laplaciana_i, img_r)\n",
    "        img_r = cv2.add(img_r, laplaciana_i)\n",
    "        cv2.imwrite(\"./reconstruida/img_reconstruida\" + str(i) + \".jpg\", img_r)\n",
    "\n",
    "        \n",
    "\n",
    "def guardar_imgs(laplacianas, gaussianas, nombre):\n",
    "    for i in range(len(laplacianas)):\n",
    "        cv2.imwrite(\"./piramides_\"+ str(nombre)+\"/laplaciana\" + str(i) + \".jpg\", laplacianas[i])\n",
    "    for i in range(len(gaussianas)):\n",
    "        cv2.imwrite(\"./piramides_\"+ str(nombre) +\"/gaussiana\" + str(i) + \".jpg\", gaussianas[i])"
   ]
  },
  {
   "cell_type": "code",
   "execution_count": 230,
   "metadata": {},
   "outputs": [
    {
     "name": "stdout",
     "output_type": "stream",
     "text": [
      "Shape A:  (338, 282, 3) Shape B:  (338, 282, 3)\n",
      "Shape A:  (338, 282, 3) Shape B:  (338, 282, 3)\n",
      "[[7.1642120e-08 2.8902494e-05 2.1356215e-04 2.8902494e-05 7.1642120e-08]\n",
      " [2.8902494e-05 1.1660098e-02 8.6157121e-02 1.1660098e-02 2.8902494e-05]\n",
      " [2.1356215e-04 8.6157121e-02 6.3661975e-01 8.6157121e-02 2.1356215e-04]\n",
      " [2.8902494e-05 1.1660098e-02 8.6157121e-02 1.1660098e-02 2.8902494e-05]\n",
      " [7.1642120e-08 2.8902494e-05 2.1356215e-04 2.8902494e-05 7.1642120e-08]]\n",
      "[[7.1642120e-08 2.8902494e-05 2.1356215e-04 2.8902494e-05 7.1642120e-08]\n",
      " [2.8902494e-05 1.1660098e-02 8.6157121e-02 1.1660098e-02 2.8902494e-05]\n",
      " [2.1356215e-04 8.6157121e-02 6.3661975e-01 8.6157121e-02 2.1356215e-04]\n",
      " [2.8902494e-05 1.1660098e-02 8.6157121e-02 1.1660098e-02 2.8902494e-05]\n",
      " [7.1642120e-08 2.8902494e-05 2.1356215e-04 2.8902494e-05 7.1642120e-08]]\n",
      "[[7.1642120e-08 2.8902494e-05 2.1356215e-04 2.8902494e-05 7.1642120e-08]\n",
      " [2.8902494e-05 1.1660098e-02 8.6157121e-02 1.1660098e-02 2.8902494e-05]\n",
      " [2.1356215e-04 8.6157121e-02 6.3661975e-01 8.6157121e-02 2.1356215e-04]\n",
      " [2.8902494e-05 1.1660098e-02 8.6157121e-02 1.1660098e-02 2.8902494e-05]\n",
      " [7.1642120e-08 2.8902494e-05 2.1356215e-04 2.8902494e-05 7.1642120e-08]]\n",
      "[[7.1642120e-08 2.8902494e-05 2.1356215e-04 2.8902494e-05 7.1642120e-08]\n",
      " [2.8902494e-05 1.1660098e-02 8.6157121e-02 1.1660098e-02 2.8902494e-05]\n",
      " [2.1356215e-04 8.6157121e-02 6.3661975e-01 8.6157121e-02 2.1356215e-04]\n",
      " [2.8902494e-05 1.1660098e-02 8.6157121e-02 1.1660098e-02 2.8902494e-05]\n",
      " [7.1642120e-08 2.8902494e-05 2.1356215e-04 2.8902494e-05 7.1642120e-08]]\n",
      "[[7.1642120e-08 2.8902494e-05 2.1356215e-04 2.8902494e-05 7.1642120e-08]\n",
      " [2.8902494e-05 1.1660098e-02 8.6157121e-02 1.1660098e-02 2.8902494e-05]\n",
      " [2.1356215e-04 8.6157121e-02 6.3661975e-01 8.6157121e-02 2.1356215e-04]\n",
      " [2.8902494e-05 1.1660098e-02 8.6157121e-02 1.1660098e-02 2.8902494e-05]\n",
      " [7.1642120e-08 2.8902494e-05 2.1356215e-04 2.8902494e-05 7.1642120e-08]]\n",
      "[[7.1642120e-08 2.8902494e-05 2.1356215e-04 2.8902494e-05 7.1642120e-08]\n",
      " [2.8902494e-05 1.1660098e-02 8.6157121e-02 1.1660098e-02 2.8902494e-05]\n",
      " [2.1356215e-04 8.6157121e-02 6.3661975e-01 8.6157121e-02 2.1356215e-04]\n",
      " [2.8902494e-05 1.1660098e-02 8.6157121e-02 1.1660098e-02 2.8902494e-05]\n",
      " [7.1642120e-08 2.8902494e-05 2.1356215e-04 2.8902494e-05 7.1642120e-08]]\n",
      "[[7.1642120e-08 2.8902494e-05 2.1356215e-04 2.8902494e-05 7.1642120e-08]\n",
      " [2.8902494e-05 1.1660098e-02 8.6157121e-02 1.1660098e-02 2.8902494e-05]\n",
      " [2.1356215e-04 8.6157121e-02 6.3661975e-01 8.6157121e-02 2.1356215e-04]\n",
      " [2.8902494e-05 1.1660098e-02 8.6157121e-02 1.1660098e-02 2.8902494e-05]\n",
      " [7.1642120e-08 2.8902494e-05 2.1356215e-04 2.8902494e-05 7.1642120e-08]]\n",
      "[[7.1642120e-08 2.8902494e-05 2.1356215e-04 2.8902494e-05 7.1642120e-08]\n",
      " [2.8902494e-05 1.1660098e-02 8.6157121e-02 1.1660098e-02 2.8902494e-05]\n",
      " [2.1356215e-04 8.6157121e-02 6.3661975e-01 8.6157121e-02 2.1356215e-04]\n",
      " [2.8902494e-05 1.1660098e-02 8.6157121e-02 1.1660098e-02 2.8902494e-05]\n",
      " [7.1642120e-08 2.8902494e-05 2.1356215e-04 2.8902494e-05 7.1642120e-08]]\n",
      "[[7.1642120e-08 2.8902494e-05 2.1356215e-04 2.8902494e-05 7.1642120e-08]\n",
      " [2.8902494e-05 1.1660098e-02 8.6157121e-02 1.1660098e-02 2.8902494e-05]\n",
      " [2.1356215e-04 8.6157121e-02 6.3661975e-01 8.6157121e-02 2.1356215e-04]\n",
      " [2.8902494e-05 1.1660098e-02 8.6157121e-02 1.1660098e-02 2.8902494e-05]\n",
      " [7.1642120e-08 2.8902494e-05 2.1356215e-04 2.8902494e-05 7.1642120e-08]]\n",
      "[[7.1642120e-08 2.8902494e-05 2.1356215e-04 2.8902494e-05 7.1642120e-08]\n",
      " [2.8902494e-05 1.1660098e-02 8.6157121e-02 1.1660098e-02 2.8902494e-05]\n",
      " [2.1356215e-04 8.6157121e-02 6.3661975e-01 8.6157121e-02 2.1356215e-04]\n",
      " [2.8902494e-05 1.1660098e-02 8.6157121e-02 1.1660098e-02 2.8902494e-05]\n",
      " [7.1642120e-08 2.8902494e-05 2.1356215e-04 2.8902494e-05 7.1642120e-08]]\n",
      "i:  5 GI:  (20, 18, 3) GI-1 (21, 18, 3)\n",
      "i:  5 GI:  (22, 18, 3) GI-1 (21, 18, 3)\n"
     ]
    },
    {
     "ename": "error",
     "evalue": "OpenCV(4.8.0) /Users/xperience/GHA-OpenCV-Python/_work/opencv-python/opencv-python/opencv/modules/core/src/arithm.cpp:650: error: (-209:Sizes of input arguments do not match) The operation is neither 'array op array' (where arrays have the same size and the same number of channels), nor 'array op scalar', nor 'scalar op array' in function 'arithm_op'\n",
     "output_type": "error",
     "traceback": [
      "\u001b[0;31m---------------------------------------------------------------------------\u001b[0m",
      "\u001b[0;31merror\u001b[0m                                     Traceback (most recent call last)",
      "\u001b[1;32m/Users/alex/Documents/GitHub/practica_blending/image_blend.ipynb Cell 3\u001b[0m line \u001b[0;36m2\n\u001b[1;32m     <a href='vscode-notebook-cell:/Users/alex/Documents/GitHub/practica_blending/image_blend.ipynb#W2sZmlsZQ%3D%3D?line=18'>19</a>\u001b[0m gb \u001b[39m=\u001b[39m calcularGauss(B, \u001b[39m5\u001b[39m, sigma, fourier \u001b[39m=\u001b[39m \u001b[39mFalse\u001b[39;00m)\n\u001b[1;32m     <a href='vscode-notebook-cell:/Users/alex/Documents/GitHub/practica_blending/image_blend.ipynb#W2sZmlsZQ%3D%3D?line=19'>20</a>\u001b[0m \u001b[39m# ga = calcularGauss(A, 5, sigma, fourier = True)\u001b[39;00m\n\u001b[1;32m     <a href='vscode-notebook-cell:/Users/alex/Documents/GitHub/practica_blending/image_blend.ipynb#W2sZmlsZQ%3D%3D?line=20'>21</a>\u001b[0m \u001b[39m# gb = calcularGauss(B, 5, sigma, fourier = True)\u001b[39;00m\n\u001b[0;32m---> <a href='vscode-notebook-cell:/Users/alex/Documents/GitHub/practica_blending/image_blend.ipynb#W2sZmlsZQ%3D%3D?line=22'>23</a>\u001b[0m la \u001b[39m=\u001b[39m calcularLaplaciana(ga)\n\u001b[1;32m     <a href='vscode-notebook-cell:/Users/alex/Documents/GitHub/practica_blending/image_blend.ipynb#W2sZmlsZQ%3D%3D?line=23'>24</a>\u001b[0m lb \u001b[39m=\u001b[39m calcularLaplaciana(gb)\n",
      "\u001b[1;32m/Users/alex/Documents/GitHub/practica_blending/image_blend.ipynb Cell 3\u001b[0m line \u001b[0;36m1\n\u001b[1;32m    <a href='vscode-notebook-cell:/Users/alex/Documents/GitHub/practica_blending/image_blend.ipynb#W2sZmlsZQ%3D%3D?line=123'>124</a>\u001b[0m     g_i \u001b[39m=\u001b[39m ajustar_tamano(piramide_gaussiana[i\u001b[39m-\u001b[39m\u001b[39m1\u001b[39m], g_i)\n\u001b[1;32m    <a href='vscode-notebook-cell:/Users/alex/Documents/GitHub/practica_blending/image_blend.ipynb#W2sZmlsZQ%3D%3D?line=124'>125</a>\u001b[0m     \u001b[39mprint\u001b[39m(\u001b[39m\"\u001b[39m\u001b[39mi: \u001b[39m\u001b[39m\"\u001b[39m, i, \u001b[39m\"\u001b[39m\u001b[39mGI: \u001b[39m\u001b[39m\"\u001b[39m, g_i\u001b[39m.\u001b[39mshape, \u001b[39m\"\u001b[39m\u001b[39mGI-1\u001b[39m\u001b[39m\"\u001b[39m, piramide_gaussiana[i\u001b[39m-\u001b[39m\u001b[39m1\u001b[39m]\u001b[39m.\u001b[39mshape)\n\u001b[0;32m--> <a href='vscode-notebook-cell:/Users/alex/Documents/GitHub/practica_blending/image_blend.ipynb#W2sZmlsZQ%3D%3D?line=125'>126</a>\u001b[0m     l_i \u001b[39m=\u001b[39m cv2\u001b[39m.\u001b[39;49msubtract(piramide_gaussiana[i\u001b[39m-\u001b[39;49m\u001b[39m1\u001b[39;49m], g_i)\n\u001b[1;32m    <a href='vscode-notebook-cell:/Users/alex/Documents/GitHub/practica_blending/image_blend.ipynb#W2sZmlsZQ%3D%3D?line=126'>127</a>\u001b[0m     piramide_laplaciana\u001b[39m.\u001b[39mappend(l_i)\n\u001b[1;32m    <a href='vscode-notebook-cell:/Users/alex/Documents/GitHub/practica_blending/image_blend.ipynb#W2sZmlsZQ%3D%3D?line=127'>128</a>\u001b[0m \u001b[39mreturn\u001b[39;00m piramide_laplaciana\n",
      "\u001b[0;31merror\u001b[0m: OpenCV(4.8.0) /Users/xperience/GHA-OpenCV-Python/_work/opencv-python/opencv-python/opencv/modules/core/src/arithm.cpp:650: error: (-209:Sizes of input arguments do not match) The operation is neither 'array op array' (where arrays have the same size and the same number of channels), nor 'array op scalar', nor 'scalar op array' in function 'arithm_op'\n"
     ]
    }
   ],
   "source": [
    "name_a = \"girl\"\n",
    "name_b = \"woman\"\n",
    "A = cv2.imread('{}.jpeg'.format(name_a))\n",
    "B = cv2.imread('{}.jpeg'.format(name_b))\n",
    "\n",
    "print(\"Shape A: \", A.shape, \"Shape B: \", B.shape)\n",
    "if A.shape[0]%2 ==1:\n",
    "    A = A[:-1, :]\n",
    "if A.shape[1]%2 ==1:\n",
    "    A = A[:, :-1]\n",
    "if B.shape[0]%2 ==1:\n",
    "    B = B[:-1, :]\n",
    "if B.shape[1]%2 ==1:\n",
    "    B = B[:, :-1]\n",
    "print(\"Shape A: \", A.shape, \"Shape B: \", B.shape)\n",
    "\n",
    "sigma = 0.5\n",
    "ga = calcularGauss(A, 5, sigma, fourier = False)\n",
    "gb = calcularGauss(B, 5, sigma, fourier = False)\n",
    "# ga = calcularGauss(A, 5, sigma, fourier = True)\n",
    "# gb = calcularGauss(B, 5, sigma, fourier = True)\n",
    "\n",
    "la = calcularLaplaciana(ga)\n",
    "lb = calcularLaplaciana(gb)"
   ]
  },
  {
   "cell_type": "code",
   "execution_count": 231,
   "metadata": {},
   "outputs": [
    {
     "name": "stdout",
     "output_type": "stream",
     "text": [
      "(338, 282, 3)\n",
      "(169, 141, 3)\n",
      "(84, 70, 3)\n",
      "(42, 35, 3)\n",
      "(21, 18, 3)\n",
      "(10, 9, 3)\n",
      "Laplace\n",
      "(36, 28, 3)\n",
      "(71, 55, 3)\n",
      "(142, 110, 3)\n",
      "(284, 221, 3)\n",
      "(568, 442, 3)\n"
     ]
    }
   ],
   "source": [
    "for i in ga:\n",
    "    print(i.shape)\n",
    "print(\"Laplace\")\n",
    "for i in la:\n",
    "    print(i.shape)"
   ]
  },
  {
   "cell_type": "code",
   "execution_count": 232,
   "metadata": {},
   "outputs": [
    {
     "name": "stdout",
     "output_type": "stream",
     "text": [
      "Gaussiana A:  6 Gaussiana B:  6\n",
      "Laplaciana A:  5 Laplaciana B:  5\n",
      "Gaussiana A size:  (10, 9, 3) Gaussiana B size:  (10, 9, 3)\n",
      "Laplaciana A size:  (568, 442, 3) Laplaciana B size:  (568, 442, 3)\n"
     ]
    }
   ],
   "source": [
    "print(\"Gaussiana A: \", len(ga), \"Gaussiana B: \", len(gb))\n",
    "print(\"Laplaciana A: \", len(la), \"Laplaciana B: \", len(lb))\n",
    "print(\"Gaussiana A size: \", ga[-1].shape, \"Gaussiana B size: \", gb[-1].shape)\n",
    "print(\"Laplaciana A size: \", la[-1].shape, \"Laplaciana B size: \", lb[-1].shape)"
   ]
  },
  {
   "cell_type": "code",
   "execution_count": 233,
   "metadata": {},
   "outputs": [
    {
     "name": "stdout",
     "output_type": "stream",
     "text": [
      "0\n",
      "laplaciana_i (36, 28, 3) img_r (20, 18, 3)\n"
     ]
    },
    {
     "ename": "ValueError",
     "evalue": "all the input array dimensions except for the concatenation axis must match exactly, but along dimension 1, the array at index 0 has size 28 and the array at index 1 has size 18",
     "output_type": "error",
     "traceback": [
      "\u001b[0;31m---------------------------------------------------------------------------\u001b[0m",
      "\u001b[0;31mValueError\u001b[0m                                Traceback (most recent call last)",
      "\u001b[1;32m/Users/alex/Documents/GitHub/practica_blending/image_blend.ipynb Cell 6\u001b[0m line \u001b[0;36m1\n\u001b[0;32m----> <a href='vscode-notebook-cell:/Users/alex/Documents/GitHub/practica_blending/image_blend.ipynb#X12sZmlsZQ%3D%3D?line=0'>1</a>\u001b[0m reconstruir(la[::\u001b[39m-\u001b[39;49m\u001b[39m1\u001b[39;49m], gb)\n",
      "\u001b[1;32m/Users/alex/Documents/GitHub/practica_blending/image_blend.ipynb Cell 6\u001b[0m line \u001b[0;36m1\n\u001b[1;32m    <a href='vscode-notebook-cell:/Users/alex/Documents/GitHub/practica_blending/image_blend.ipynb#X12sZmlsZQ%3D%3D?line=158'>159</a>\u001b[0m img_r \u001b[39m=\u001b[39m cv2\u001b[39m.\u001b[39mpyrUp(img_r)\n\u001b[1;32m    <a href='vscode-notebook-cell:/Users/alex/Documents/GitHub/practica_blending/image_blend.ipynb#X12sZmlsZQ%3D%3D?line=159'>160</a>\u001b[0m \u001b[39mprint\u001b[39m(\u001b[39m\"\u001b[39m\u001b[39mlaplaciana_i\u001b[39m\u001b[39m\"\u001b[39m, laplaciana_i\u001b[39m.\u001b[39mshape, \u001b[39m\"\u001b[39m\u001b[39mimg_r\u001b[39m\u001b[39m\"\u001b[39m, img_r\u001b[39m.\u001b[39mshape)\n\u001b[0;32m--> <a href='vscode-notebook-cell:/Users/alex/Documents/GitHub/practica_blending/image_blend.ipynb#X12sZmlsZQ%3D%3D?line=160'>161</a>\u001b[0m img_r \u001b[39m=\u001b[39m ajustar_tamano(laplaciana_i, img_r)\n\u001b[1;32m    <a href='vscode-notebook-cell:/Users/alex/Documents/GitHub/practica_blending/image_blend.ipynb#X12sZmlsZQ%3D%3D?line=161'>162</a>\u001b[0m img_r \u001b[39m=\u001b[39m cv2\u001b[39m.\u001b[39madd(img_r, laplaciana_i)\n\u001b[1;32m    <a href='vscode-notebook-cell:/Users/alex/Documents/GitHub/practica_blending/image_blend.ipynb#X12sZmlsZQ%3D%3D?line=162'>163</a>\u001b[0m cv2\u001b[39m.\u001b[39mimwrite(\u001b[39m\"\u001b[39m\u001b[39m./reconstruida/img_reconstruida\u001b[39m\u001b[39m\"\u001b[39m \u001b[39m+\u001b[39m \u001b[39mstr\u001b[39m(i) \u001b[39m+\u001b[39m \u001b[39m\"\u001b[39m\u001b[39m.jpg\u001b[39m\u001b[39m\"\u001b[39m, img_r)\n",
      "\u001b[1;32m/Users/alex/Documents/GitHub/practica_blending/image_blend.ipynb Cell 6\u001b[0m line \u001b[0;36m1\n\u001b[1;32m    <a href='vscode-notebook-cell:/Users/alex/Documents/GitHub/practica_blending/image_blend.ipynb#X12sZmlsZQ%3D%3D?line=131'>132</a>\u001b[0m \u001b[39mif\u001b[39;00m img_x2\u001b[39m.\u001b[39mshape[\u001b[39m0\u001b[39m] \u001b[39m<\u001b[39m img_norm\u001b[39m.\u001b[39mshape[\u001b[39m0\u001b[39m]:\n\u001b[1;32m    <a href='vscode-notebook-cell:/Users/alex/Documents/GitHub/practica_blending/image_blend.ipynb#X12sZmlsZQ%3D%3D?line=132'>133</a>\u001b[0m     empty_column \u001b[39m=\u001b[39m np\u001b[39m.\u001b[39mzeros((\u001b[39m1\u001b[39m, img_x2\u001b[39m.\u001b[39mshape[\u001b[39m1\u001b[39m], canales), dtype\u001b[39m=\u001b[39mnp\u001b[39m.\u001b[39muint8)\n\u001b[0;32m--> <a href='vscode-notebook-cell:/Users/alex/Documents/GitHub/practica_blending/image_blend.ipynb#X12sZmlsZQ%3D%3D?line=133'>134</a>\u001b[0m     img_x2 \u001b[39m=\u001b[39m np\u001b[39m.\u001b[39;49mvstack((img_norm, empty_column))\n\u001b[1;32m    <a href='vscode-notebook-cell:/Users/alex/Documents/GitHub/practica_blending/image_blend.ipynb#X12sZmlsZQ%3D%3D?line=134'>135</a>\u001b[0m \u001b[39melif\u001b[39;00m img_x2\u001b[39m.\u001b[39mshape[\u001b[39m0\u001b[39m] \u001b[39m>\u001b[39m img_norm\u001b[39m.\u001b[39mshape[\u001b[39m0\u001b[39m]:\n\u001b[1;32m    <a href='vscode-notebook-cell:/Users/alex/Documents/GitHub/practica_blending/image_blend.ipynb#X12sZmlsZQ%3D%3D?line=135'>136</a>\u001b[0m     \u001b[39m# remove last row\u001b[39;00m\n\u001b[1;32m    <a href='vscode-notebook-cell:/Users/alex/Documents/GitHub/practica_blending/image_blend.ipynb#X12sZmlsZQ%3D%3D?line=136'>137</a>\u001b[0m     img_x2 \u001b[39m=\u001b[39m img_x2[:\u001b[39m-\u001b[39m\u001b[39m1\u001b[39m, :, :]\n",
      "File \u001b[0;32m~/miniforge3/envs/m_vision/lib/python3.10/site-packages/numpy/core/shape_base.py:289\u001b[0m, in \u001b[0;36mvstack\u001b[0;34m(tup, dtype, casting)\u001b[0m\n\u001b[1;32m    287\u001b[0m \u001b[39mif\u001b[39;00m \u001b[39mnot\u001b[39;00m \u001b[39misinstance\u001b[39m(arrs, \u001b[39mlist\u001b[39m):\n\u001b[1;32m    288\u001b[0m     arrs \u001b[39m=\u001b[39m [arrs]\n\u001b[0;32m--> 289\u001b[0m \u001b[39mreturn\u001b[39;00m _nx\u001b[39m.\u001b[39;49mconcatenate(arrs, \u001b[39m0\u001b[39;49m, dtype\u001b[39m=\u001b[39;49mdtype, casting\u001b[39m=\u001b[39;49mcasting)\n",
      "\u001b[0;31mValueError\u001b[0m: all the input array dimensions except for the concatenation axis must match exactly, but along dimension 1, the array at index 0 has size 28 and the array at index 1 has size 18"
     ]
    }
   ],
   "source": [
    "reconstruir(la[::-1], gb)"
   ]
  },
  {
   "cell_type": "code",
   "execution_count": 234,
   "metadata": {},
   "outputs": [],
   "source": [
    "guardar_imgs(la, ga, name_a)\n",
    "guardar_imgs(lb, gb, name_b)"
   ]
  },
  {
   "cell_type": "code",
   "execution_count": null,
   "metadata": {},
   "outputs": [],
   "source": []
  },
  {
   "cell_type": "code",
   "execution_count": 102,
   "metadata": {},
   "outputs": [],
   "source": [
    "def blend_laplacian_pyramids(laplacian1, laplacian2):\n",
    "    blended_pyramid = []\n",
    "    for l1, l2 in zip(laplacian1, laplacian2):\n",
    "        rows, cols, _ = l1.shape\n",
    "        # Perform the blending in the frequency domain (Fourier Transform)\n",
    "        fft_l1 = np.fft.fft2(l1)\n",
    "        fft_l2 = np.fft.fft2(l2)\n",
    "        blended = np.fft.ifft2((fft_l1 + fft_l2) / 2).real\n",
    "        blended_pyramid.append(blended)\n",
    "    return blended_pyramid\n",
    "\n",
    "blended_laplacian_pyramid = blend_laplacian_pyramids(la, lb)\n"
   ]
  },
  {
   "cell_type": "code",
   "execution_count": 103,
   "metadata": {},
   "outputs": [
    {
     "name": "stdout",
     "output_type": "stream",
     "text": [
      "0\n",
      "laplaciana_i (36, 28, 3) img_r (36, 28, 3)\n"
     ]
    },
    {
     "ename": "error",
     "evalue": "OpenCV(4.8.0) /Users/xperience/GHA-OpenCV-Python/_work/opencv-python/opencv-python/opencv/modules/core/src/arithm.cpp:674: error: (-5:Bad argument) When the input arrays in add/subtract/multiply/divide functions have different types, the output array type must be explicitly specified in function 'arithm_op'\n",
     "output_type": "error",
     "traceback": [
      "\u001b[0;31m---------------------------------------------------------------------------\u001b[0m",
      "\u001b[0;31merror\u001b[0m                                     Traceback (most recent call last)",
      "\u001b[1;32m/Users/alex/Documents/GitHub/practica_blending/image_blend.ipynb Cell 10\u001b[0m line \u001b[0;36m1\n\u001b[0;32m----> <a href='vscode-notebook-cell:/Users/alex/Documents/GitHub/practica_blending/image_blend.ipynb#X24sZmlsZQ%3D%3D?line=0'>1</a>\u001b[0m reconstruir(blended_laplacian_pyramid[::\u001b[39m-\u001b[39;49m\u001b[39m1\u001b[39;49m], gb)\n",
      "\u001b[1;32m/Users/alex/Documents/GitHub/practica_blending/image_blend.ipynb Cell 10\u001b[0m line \u001b[0;36m1\n\u001b[1;32m    <a href='vscode-notebook-cell:/Users/alex/Documents/GitHub/practica_blending/image_blend.ipynb#X24sZmlsZQ%3D%3D?line=159'>160</a>\u001b[0m \u001b[39mprint\u001b[39m(\u001b[39m\"\u001b[39m\u001b[39mlaplaciana_i\u001b[39m\u001b[39m\"\u001b[39m, laplaciana_i\u001b[39m.\u001b[39mshape, \u001b[39m\"\u001b[39m\u001b[39mimg_r\u001b[39m\u001b[39m\"\u001b[39m, img_r\u001b[39m.\u001b[39mshape)\n\u001b[1;32m    <a href='vscode-notebook-cell:/Users/alex/Documents/GitHub/practica_blending/image_blend.ipynb#X24sZmlsZQ%3D%3D?line=160'>161</a>\u001b[0m img_r \u001b[39m=\u001b[39m ajustar_tamano(laplaciana_i, img_r)\n\u001b[0;32m--> <a href='vscode-notebook-cell:/Users/alex/Documents/GitHub/practica_blending/image_blend.ipynb#X24sZmlsZQ%3D%3D?line=161'>162</a>\u001b[0m img_r \u001b[39m=\u001b[39m cv2\u001b[39m.\u001b[39;49madd(img_r, laplaciana_i)\n\u001b[1;32m    <a href='vscode-notebook-cell:/Users/alex/Documents/GitHub/practica_blending/image_blend.ipynb#X24sZmlsZQ%3D%3D?line=162'>163</a>\u001b[0m cv2\u001b[39m.\u001b[39mimwrite(\u001b[39m\"\u001b[39m\u001b[39mimg_r\u001b[39m\u001b[39m\"\u001b[39m \u001b[39m+\u001b[39m \u001b[39mstr\u001b[39m(i) \u001b[39m+\u001b[39m \u001b[39m\"\u001b[39m\u001b[39m.jpg\u001b[39m\u001b[39m\"\u001b[39m, img_r)\n",
      "\u001b[0;31merror\u001b[0m: OpenCV(4.8.0) /Users/xperience/GHA-OpenCV-Python/_work/opencv-python/opencv-python/opencv/modules/core/src/arithm.cpp:674: error: (-5:Bad argument) When the input arrays in add/subtract/multiply/divide functions have different types, the output array type must be explicitly specified in function 'arithm_op'\n"
     ]
    }
   ],
   "source": [
    "reconstruir(blended_laplacian_pyramid[::-1], gb)"
   ]
  },
  {
   "cell_type": "code",
   "execution_count": null,
   "metadata": {},
   "outputs": [],
   "source": []
  }
 ],
 "metadata": {
  "kernelspec": {
   "display_name": "m_vision",
   "language": "python",
   "name": "python3"
  },
  "language_info": {
   "codemirror_mode": {
    "name": "ipython",
    "version": 3
   },
   "file_extension": ".py",
   "mimetype": "text/x-python",
   "name": "python",
   "nbconvert_exporter": "python",
   "pygments_lexer": "ipython3",
   "version": "3.10.12"
  }
 },
 "nbformat": 4,
 "nbformat_minor": 2
}
